At time 1728875722.161221597
- Translation: [0.000, 0.000, 0.000]
- Rotation: in Quaternion [0.000, 0.000, -0.705, 0.710]
- Rotation: in RPY (radian) [0.000, 0.000, -1.563]
- Rotation: in RPY (degree) [0.000, 0.000, -89.579]
- Matrix:
  0.007  1.000  0.000  0.000
 -1.000  0.007 -0.000  0.000
 -0.000  0.000  1.000  0.000
  0.000  0.000  0.000  1.000
At time 1728875723.168722728
- Translation: [0.000, 0.000, 0.000]
- Rotation: in Quaternion [0.000, 0.000, -0.705, 0.710]
- Rotation: in RPY (radian) [0.000, 0.000, -1.563]
- Rotation: in RPY (degree) [0.000, 0.000, -89.579]
- Matrix:
  0.007  1.000  0.000  0.000
 -1.000  0.007 -0.000  0.000
 -0.000  0.000  1.000  0.000
  0.000  0.000  0.000  1.000
At time 1728875724.161273466
- Translation: [0.000, 0.000, 0.000]
- Rotation: in Quaternion [0.000, 0.000, -0.705, 0.710]
- Rotation: in RPY (radian) [0.000, 0.000, -1.563]
- Rotation: in RPY (degree) [0.000, 0.000, -89.579]
- Matrix:
  0.007  1.000  0.000  0.000
 -1.000  0.007 -0.000  0.000
 -0.000  0.000  1.000  0.000
  0.000  0.000  0.000  1.000
At time 1728875725.169040167
- Translation: [0.000, 0.000, 0.000]
- Rotation: in Quaternion [0.000, 0.000, 0.911, -0.412]
- Rotation: in RPY (radian) [0.000, -0.000, -2.292]
- Rotation: in RPY (degree) [0.000, -0.000, -131.339]
- Matrix:
 -0.661  0.751  0.000  0.000
 -0.751 -0.661  0.000  0.000
  0.000  0.000  1.000  0.000
  0.000  0.000  0.000  1.000
At time 1728875726.161307966
- Translation: [0.000, 0.000, 0.000]
- Rotation: in Quaternion [0.000, 0.000, 1.000, -0.010]
- Rotation: in RPY (radian) [0.000, -0.000, -3.122]
- Rotation: in RPY (degree) [0.000, -0.000, -178.859]
- Matrix:
 -1.000  0.020  0.000  0.000
 -0.020 -1.000  0.000  0.000
  0.000  0.000  1.000  0.000
  0.000  0.000  0.000  1.000
At time 1728875727.169084257
- Translation: [0.000, 0.000, 0.000]
- Rotation: in Quaternion [0.000, 0.000, 1.000, -0.010]
- Rotation: in RPY (radian) [0.000, -0.000, -3.122]
- Rotation: in RPY (degree) [0.000, -0.000, -178.859]
- Matrix:
 -1.000  0.020  0.000  0.000
 -0.020 -1.000  0.000  0.000
  0.000  0.000  1.000  0.000
  0.000  0.000  0.000  1.000
At time 1728875728.161339286
- Translation: [0.000, 0.000, 0.000]
- Rotation: in Quaternion [0.000, 0.000, 1.000, -0.010]
- Rotation: in RPY (radian) [0.000, -0.000, -3.122]
- Rotation: in RPY (degree) [0.000, -0.000, -178.859]
- Matrix:
 -1.000  0.020  0.000  0.000
 -0.020 -1.000  0.000  0.000
  0.000  0.000  1.000  0.000
  0.000  0.000  0.000  1.000
At time 1728875729.169430740
- Translation: [0.000, 0.000, 0.000]
- Rotation: in Quaternion [0.000, 0.000, 1.000, -0.010]
- Rotation: in RPY (radian) [0.000, -0.000, -3.122]
- Rotation: in RPY (degree) [0.000, -0.000, -178.859]
- Matrix:
 -1.000  0.020  0.000  0.000
 -0.020 -1.000  0.000  0.000
  0.000  0.000  1.000  0.000
  0.000  0.000  0.000  1.000
At time 1728875730.161326458
- Translation: [0.000, 0.000, 0.000]
- Rotation: in Quaternion [0.000, 0.000, 1.000, -0.010]
- Rotation: in RPY (radian) [0.000, -0.000, -3.122]
- Rotation: in RPY (degree) [0.000, -0.000, -178.859]
- Matrix:
 -1.000  0.020  0.000  0.000
 -0.020 -1.000  0.000  0.000
  0.000  0.000  1.000  0.000
  0.000  0.000  0.000  1.000
At time 1728875731.169091155
- Translation: [0.000, 0.000, 0.000]
- Rotation: in Quaternion [0.000, 0.000, 1.000, -0.010]
- Rotation: in RPY (radian) [0.000, -0.000, -3.122]
- Rotation: in RPY (degree) [0.000, -0.000, -178.859]
- Matrix:
 -1.000  0.020  0.000  0.000
 -0.020 -1.000  0.000  0.000
  0.000  0.000  1.000  0.000
  0.000  0.000  0.000  1.000
At time 1728875732.165500889
- Translation: [0.000, 0.000, 0.000]
- Rotation: in Quaternion [0.000, 0.000, 1.000, -0.010]
- Rotation: in RPY (radian) [0.000, -0.000, -3.122]
- Rotation: in RPY (degree) [0.000, -0.000, -178.859]
- Matrix:
 -1.000  0.020  0.000  0.000
 -0.020 -1.000  0.000  0.000
  0.000  0.000  1.000  0.000
  0.000  0.000  0.000  1.000
At time 1728875733.168244194
- Translation: [0.000, 0.000, 0.000]
- Rotation: in Quaternion [0.000, 0.000, 1.000, -0.010]
- Rotation: in RPY (radian) [0.000, -0.000, -3.122]
- Rotation: in RPY (degree) [0.000, -0.000, -178.859]
- Matrix:
 -1.000  0.020  0.000  0.000
 -0.020 -1.000  0.000  0.000
  0.000  0.000  1.000  0.000
  0.000  0.000  0.000  1.000
At time 1728875734.161058252
- Translation: [0.000, 0.000, 0.000]
- Rotation: in Quaternion [0.000, 0.000, 1.000, -0.010]
- Rotation: in RPY (radian) [0.000, -0.000, -3.122]
- Rotation: in RPY (degree) [0.000, -0.000, -178.859]
- Matrix:
 -1.000  0.020  0.000  0.000
 -0.020 -1.000  0.000  0.000
  0.000  0.000  1.000  0.000
  0.000  0.000  0.000  1.000
At time 1728875735.168918031
- Translation: [0.000, 0.000, 0.000]
- Rotation: in Quaternion [0.000, 0.000, 1.000, -0.010]
- Rotation: in RPY (radian) [0.000, -0.000, -3.122]
- Rotation: in RPY (degree) [0.000, -0.000, -178.859]
- Matrix:
 -1.000  0.020  0.000  0.000
 -0.020 -1.000  0.000  0.000
  0.000  0.000  1.000  0.000
  0.000  0.000  0.000  1.000
At time 1728875736.161509997
- Translation: [0.000, 0.000, 0.000]
- Rotation: in Quaternion [0.000, 0.000, 1.000, -0.010]
- Rotation: in RPY (radian) [0.000, -0.000, -3.122]
- Rotation: in RPY (degree) [0.000, -0.000, -178.859]
- Matrix:
 -1.000  0.020  0.000  0.000
 -0.020 -1.000  0.000  0.000
  0.000  0.000  1.000  0.000
  0.000  0.000  0.000  1.000
At time 1728875737.168866781
- Translation: [0.000, 0.000, 0.000]
- Rotation: in Quaternion [0.000, 0.000, 1.000, -0.010]
- Rotation: in RPY (radian) [0.000, -0.000, -3.122]
- Rotation: in RPY (degree) [0.000, -0.000, -178.859]
- Matrix:
 -1.000  0.020  0.000  0.000
 -0.020 -1.000  0.000  0.000
  0.000  0.000  1.000  0.000
  0.000  0.000  0.000  1.000
At time 1728875738.161118027
- Translation: [0.000, 0.000, 0.000]
- Rotation: in Quaternion [0.000, 0.000, 1.000, -0.010]
- Rotation: in RPY (radian) [0.000, -0.000, -3.122]
- Rotation: in RPY (degree) [0.000, -0.000, -178.859]
- Matrix:
 -1.000  0.020  0.000  0.000
 -0.020 -1.000  0.000  0.000
  0.000  0.000  1.000  0.000
  0.000  0.000  0.000  1.000
At time 1728875739.168802467
- Translation: [0.000, 0.000, 0.000]
- Rotation: in Quaternion [0.000, 0.000, 1.000, -0.010]
- Rotation: in RPY (radian) [0.000, -0.000, -3.122]
- Rotation: in RPY (degree) [0.000, -0.000, -178.859]
- Matrix:
 -1.000  0.020  0.000  0.000
 -0.020 -1.000  0.000  0.000
  0.000  0.000  1.000  0.000
  0.000  0.000  0.000  1.000
At time 1728875740.160787936
- Translation: [0.000, 0.000, 0.000]
- Rotation: in Quaternion [0.000, 0.000, 1.000, -0.010]
- Rotation: in RPY (radian) [0.000, -0.000, -3.122]
- Rotation: in RPY (degree) [0.000, -0.000, -178.859]
- Matrix:
 -1.000  0.020  0.000  0.000
 -0.020 -1.000  0.000  0.000
  0.000  0.000  1.000  0.000
  0.000  0.000  0.000  1.000
At time 1728875741.169160111
- Translation: [0.000, 0.000, 0.000]
- Rotation: in Quaternion [0.000, 0.000, 1.000, -0.010]
- Rotation: in RPY (radian) [0.000, -0.000, -3.122]
- Rotation: in RPY (degree) [0.000, -0.000, -178.859]
- Matrix:
 -1.000  0.020  0.000  0.000
 -0.020 -1.000  0.000  0.000
  0.000  0.000  1.000  0.000
  0.000  0.000  0.000  1.000
At time 1728875742.161213746
- Translation: [0.000, 0.000, 0.000]
- Rotation: in Quaternion [0.000, 0.000, 1.000, -0.010]
- Rotation: in RPY (radian) [0.000, -0.000, -3.122]
- Rotation: in RPY (degree) [0.000, -0.000, -178.859]
- Matrix:
 -1.000  0.020  0.000  0.000
 -0.020 -1.000  0.000  0.000
  0.000  0.000  1.000  0.000
  0.000  0.000  0.000  1.000
At time 1728875743.168487515
- Translation: [0.000, 0.000, 0.000]
- Rotation: in Quaternion [0.000, 0.000, 1.000, -0.010]
- Rotation: in RPY (radian) [0.000, -0.000, -3.122]
- Rotation: in RPY (degree) [0.000, -0.000, -178.859]
- Matrix:
 -1.000  0.020  0.000  0.000
 -0.020 -1.000  0.000  0.000
  0.000  0.000  1.000  0.000
  0.000  0.000  0.000  1.000
At time 1728875744.160926133
- Translation: [0.000, 0.000, 0.000]
- Rotation: in Quaternion [0.000, 0.000, 1.000, -0.010]
- Rotation: in RPY (radian) [0.000, -0.000, -3.122]
- Rotation: in RPY (degree) [0.000, -0.000, -178.859]
- Matrix:
 -1.000  0.020  0.000  0.000
 -0.020 -1.000  0.000  0.000
  0.000  0.000  1.000  0.000
  0.000  0.000  0.000  1.000
At time 1728875745.168514689
- Translation: [0.000, 0.000, 0.000]
- Rotation: in Quaternion [0.000, 0.000, 1.000, -0.010]
- Rotation: in RPY (radian) [0.000, -0.000, -3.122]
- Rotation: in RPY (degree) [0.000, -0.000, -178.859]
- Matrix:
 -1.000  0.020  0.000  0.000
 -0.020 -1.000  0.000  0.000
  0.000  0.000  1.000  0.000
  0.000  0.000  0.000  1.000
At time 1728875746.161120217
- Translation: [0.000, 0.000, 0.000]
- Rotation: in Quaternion [0.000, 0.000, 1.000, -0.010]
- Rotation: in RPY (radian) [0.000, -0.000, -3.122]
- Rotation: in RPY (degree) [0.000, -0.000, -178.859]
- Matrix:
 -1.000  0.020  0.000  0.000
 -0.020 -1.000  0.000  0.000
  0.000  0.000  1.000  0.000
  0.000  0.000  0.000  1.000
At time 1728875747.168654593
- Translation: [0.000, 0.000, 0.000]
- Rotation: in Quaternion [0.000, 0.000, 1.000, -0.010]
- Rotation: in RPY (radian) [0.000, -0.000, -3.122]
- Rotation: in RPY (degree) [0.000, -0.000, -178.859]
- Matrix:
 -1.000  0.020  0.000  0.000
 -0.020 -1.000  0.000  0.000
  0.000  0.000  1.000  0.000
  0.000  0.000  0.000  1.000
At time 1728875748.161011026
- Translation: [0.000, 0.000, 0.000]
- Rotation: in Quaternion [0.000, 0.000, 1.000, -0.010]
- Rotation: in RPY (radian) [0.000, -0.000, -3.122]
- Rotation: in RPY (degree) [0.000, -0.000, -178.859]
- Matrix:
 -1.000  0.020  0.000  0.000
 -0.020 -1.000  0.000  0.000
  0.000  0.000  1.000  0.000
  0.000  0.000  0.000  1.000
At time 1728875749.171100944
- Translation: [0.000, 0.000, 0.000]
- Rotation: in Quaternion [0.000, 0.000, 1.000, -0.010]
- Rotation: in RPY (radian) [0.000, -0.000, -3.122]
- Rotation: in RPY (degree) [0.000, -0.000, -178.859]
- Matrix:
 -1.000  0.020  0.000  0.000
 -0.020 -1.000  0.000  0.000
  0.000  0.000  1.000  0.000
  0.000  0.000  0.000  1.000
At time 1728875750.161364177
- Translation: [0.000, 0.000, 0.000]
- Rotation: in Quaternion [0.000, 0.000, 1.000, -0.010]
- Rotation: in RPY (radian) [0.000, -0.000, -3.122]
- Rotation: in RPY (degree) [0.000, -0.000, -178.859]
- Matrix:
 -1.000  0.020  0.000  0.000
 -0.020 -1.000  0.000  0.000
  0.000  0.000  1.000  0.000
  0.000  0.000  0.000  1.000
At time 1728875751.168703763
- Translation: [0.000, 0.000, 0.000]
- Rotation: in Quaternion [0.000, 0.000, 1.000, -0.010]
- Rotation: in RPY (radian) [0.000, -0.000, -3.122]
- Rotation: in RPY (degree) [0.000, -0.000, -178.859]
- Matrix:
 -1.000  0.020  0.000  0.000
 -0.020 -1.000  0.000  0.000
  0.000  0.000  1.000  0.000
  0.000  0.000  0.000  1.000
At time 1728875752.160852612
- Translation: [0.000, 0.000, 0.000]
- Rotation: in Quaternion [0.000, 0.000, 1.000, -0.010]
- Rotation: in RPY (radian) [0.000, -0.000, -3.122]
- Rotation: in RPY (degree) [0.000, -0.000, -178.859]
- Matrix:
 -1.000  0.020  0.000  0.000
 -0.020 -1.000  0.000  0.000
  0.000  0.000  1.000  0.000
  0.000  0.000  0.000  1.000
At time 1728875753.169874137
- Translation: [-0.150, -1.135, 0.000]
- Rotation: in Quaternion [0.000, 0.000, -0.745, 0.667]
- Rotation: in RPY (radian) [0.000, 0.000, -1.682]
- Rotation: in RPY (degree) [0.000, 0.000, -96.377]
- Matrix:
 -0.111  0.994  0.000 -0.150
 -0.994 -0.111 -0.000 -1.135
 -0.000  0.000  1.000  0.000
  0.000  0.000  0.000  1.000
At time 1728875754.161188438
- Translation: [1.691, 0.341, 0.000]
- Rotation: in Quaternion [0.000, 0.000, 0.434, 0.901]
- Rotation: in RPY (radian) [0.000, -0.000, 0.898]
- Rotation: in RPY (degree) [0.000, -0.000, 51.433]
- Matrix:
  0.623 -0.782  0.000  1.691
  0.782  0.623  0.000  0.341
  0.000  0.000  1.000  0.000
  0.000  0.000  0.000  1.000
At time 1728875755.169133749
- Translation: [1.475, 1.033, 0.000]
- Rotation: in Quaternion [0.000, 0.000, 0.693, 0.721]
- Rotation: in RPY (radian) [0.000, -0.000, 1.531]
- Rotation: in RPY (degree) [0.000, -0.000, 87.717]
- Matrix:
  0.040 -0.999  0.000  1.475
  0.999  0.040  0.000  1.033
  0.000  0.000  1.000  0.000
  0.000  0.000  0.000  1.000
At time 1728875756.160616615
- Translation: [1.118, 1.119, 0.000]
- Rotation: in Quaternion [0.000, 0.000, 0.826, 0.564]
- Rotation: in RPY (radian) [0.000, -0.000, 1.944]
- Rotation: in RPY (degree) [0.000, -0.000, 111.376]
- Matrix:
 -0.364 -0.931  0.000  1.118
  0.931 -0.364  0.000  1.119
  0.000  0.000  1.000  0.000
  0.000  0.000  0.000  1.000
At time 1728875757.169085556
- Translation: [0.796, 1.467, 0.000]
- Rotation: in Quaternion [0.000, 0.000, 0.810, 0.586]
- Rotation: in RPY (radian) [0.000, -0.000, 1.889]
- Rotation: in RPY (degree) [0.000, -0.000, 108.237]
- Matrix:
 -0.313 -0.950  0.000  0.796
  0.950 -0.313  0.000  1.467
  0.000  0.000  1.000  0.000
  0.000  0.000  0.000  1.000
At time 1728875758.160992397
- Translation: [1.559, 1.806, 0.000]
- Rotation: in Quaternion [0.000, 0.000, 0.657, 0.754]
- Rotation: in RPY (radian) [0.000, -0.000, 1.433]
- Rotation: in RPY (degree) [0.000, -0.000, 82.123]
- Matrix:
  0.137 -0.991  0.000  1.559
  0.991  0.137  0.000  1.806
  0.000  0.000  1.000  0.000
  0.000  0.000  0.000  1.000
At time 1728875759.169521793
- Translation: [2.326, 1.513, 0.000]
- Rotation: in Quaternion [0.000, 0.000, 0.486, 0.874]
- Rotation: in RPY (radian) [0.000, -0.000, 1.015]
- Rotation: in RPY (degree) [0.000, -0.000, 58.136]
- Matrix:
  0.528 -0.849  0.000  2.326
  0.849  0.528  0.000  1.513
  0.000  0.000  1.000  0.000
  0.000  0.000  0.000  1.000
At time 1728875760.161018870
- Translation: [2.006, 1.098, 0.000]
- Rotation: in Quaternion [0.000, 0.000, 0.697, 0.717]
- Rotation: in RPY (radian) [0.000, -0.000, 1.542]
- Rotation: in RPY (degree) [0.000, -0.000, 88.341]
- Matrix:
  0.029 -1.000  0.000  2.006
  1.000  0.029  0.000  1.098
  0.000  0.000  1.000  0.000
  0.000  0.000  0.000  1.000
At time 1728875761.168591790
- Translation: [1.371, 1.288, 0.000]
- Rotation: in Quaternion [0.000, 0.000, 0.794, 0.608]
- Rotation: in RPY (radian) [0.000, -0.000, 1.833]
- Rotation: in RPY (degree) [0.000, -0.000, 105.049]
- Matrix:
 -0.260 -0.966  0.000  1.371
  0.966 -0.260  0.000  1.288
  0.000  0.000  1.000  0.000
  0.000  0.000  0.000  1.000
At time 1728875762.160250243
- Translation: [1.003, 1.195, 0.000]
- Rotation: in Quaternion [0.000, 0.000, 0.893, 0.451]
- Rotation: in RPY (radian) [0.000, -0.000, 2.206]
- Rotation: in RPY (degree) [0.000, -0.000, 126.387]
- Matrix:
 -0.593 -0.805  0.000  1.003
  0.805 -0.593  0.000  1.195
  0.000  0.000  1.000  0.000
  0.000  0.000  0.000  1.000
At time 1728875763.168882803
- Translation: [1.247, 1.524, 0.000]
- Rotation: in Quaternion [0.000, 0.000, 0.797, 0.604]
- Rotation: in RPY (radian) [0.000, -0.000, 1.844]
- Rotation: in RPY (degree) [0.000, -0.000, 105.647]
- Matrix:
 -0.270 -0.963  0.000  1.247
  0.963 -0.270  0.000  1.524
  0.000  0.000  1.000  0.000
  0.000  0.000  0.000  1.000
At time 1728875764.161397070
- Translation: [1.352, 1.665, 0.000]
- Rotation: in Quaternion [0.000, 0.000, 0.660, 0.752]
- Rotation: in RPY (radian) [0.000, -0.000, 1.440]
- Rotation: in RPY (degree) [0.000, -0.000, 82.527]
- Matrix:
  0.130 -0.992  0.000  1.352
  0.992  0.130  0.000  1.665
  0.000  0.000  1.000  0.000
  0.000  0.000  0.000  1.000
At time 1728875765.168843137
- Translation: [1.566, 0.948, 0.000]
- Rotation: in Quaternion [0.000, 0.000, -0.408, 0.913]
- Rotation: in RPY (radian) [0.000, 0.000, -0.840]
- Rotation: in RPY (degree) [0.000, 0.000, -48.141]
- Matrix:
  0.667  0.745  0.000  1.566
 -0.745  0.667 -0.000  0.948
 -0.000  0.000  1.000  0.000
  0.000  0.000  0.000  1.000
At time 1728875766.161205551
- Translation: [1.322, -0.788, 0.000]
- Rotation: in Quaternion [0.000, 0.000, -0.723, 0.691]
- Rotation: in RPY (radian) [0.000, 0.000, -1.615]
- Rotation: in RPY (degree) [0.000, 0.000, -92.536]
- Matrix:
 -0.044  0.999  0.000  1.322
 -0.999 -0.044 -0.000 -0.788
 -0.000  0.000  1.000  0.000
  0.000  0.000  0.000  1.000
At time 1728875767.168450495
- Translation: [0.983, -1.255, 0.000]
- Rotation: in Quaternion [0.000, 0.000, -0.811, 0.586]
- Rotation: in RPY (radian) [0.000, 0.000, -1.891]
- Rotation: in RPY (degree) [0.000, 0.000, -108.320]
- Matrix:
 -0.314  0.949  0.000  0.983
 -0.949 -0.314 -0.000 -1.255
 -0.000  0.000  1.000  0.000
  0.000  0.000  0.000  1.000
At time 1728875768.160284404
- Translation: [1.044, -1.240, 0.000]
- Rotation: in Quaternion [0.000, 0.000, -0.834, 0.552]
- Rotation: in RPY (radian) [0.000, 0.000, -1.972]
- Rotation: in RPY (degree) [0.000, 0.000, -113.009]
- Matrix:
 -0.391  0.920  0.000  1.044
 -0.920 -0.391 -0.000 -1.240
 -0.000  0.000  1.000  0.000
  0.000  0.000  0.000  1.000
At time 1728875769.169340175
- Translation: [1.255, -1.412, 0.000]
- Rotation: in Quaternion [0.000, 0.000, -0.784, 0.621]
- Rotation: in RPY (radian) [0.000, 0.000, -1.802]
- Rotation: in RPY (degree) [0.000, 0.000, -103.265]
- Matrix:
 -0.229  0.973  0.000  1.255
 -0.973 -0.229 -0.000 -1.412
 -0.000  0.000  1.000  0.000
  0.000  0.000  0.000  1.000
At time 1728875770.160829392
- Translation: [1.959, -1.527, 0.000]
- Rotation: in Quaternion [0.000, 0.000, -0.260, 0.966]
- Rotation: in RPY (radian) [0.000, 0.000, -0.526]
- Rotation: in RPY (degree) [0.000, 0.000, -30.137]
- Matrix:
  0.865  0.502  0.000  1.959
 -0.502  0.865 -0.000 -1.527
 -0.000  0.000  1.000  0.000
  0.000  0.000  0.000  1.000
At time 1728875771.168549775
- Translation: [2.276, -0.439, 0.000]
- Rotation: in Quaternion [0.000, 0.000, -0.428, 0.904]
- Rotation: in RPY (radian) [0.000, 0.000, -0.885]
- Rotation: in RPY (degree) [0.000, 0.000, -50.728]
- Matrix:
  0.633  0.774  0.000  2.276
 -0.774  0.633 -0.000 -0.439
 -0.000  0.000  1.000  0.000
  0.000  0.000  0.000  1.000
At time 1728875772.160643508
- Translation: [2.023, -1.210, 0.000]
- Rotation: in Quaternion [0.000, 0.000, -0.453, 0.892]
- Rotation: in RPY (radian) [0.000, 0.000, -0.940]
- Rotation: in RPY (degree) [0.000, 0.000, -53.847]
- Matrix:
  0.590  0.807  0.000  2.023
 -0.807  0.590 -0.000 -1.210
 -0.000  0.000  1.000  0.000
  0.000  0.000  0.000  1.000
At time 1728875773.169117418
- Translation: [1.678, -0.650, 0.000]
- Rotation: in Quaternion [0.000, 0.000, -0.244, 0.970]
- Rotation: in RPY (radian) [0.000, 0.000, -0.493]
- Rotation: in RPY (degree) [0.000, 0.000, -28.261]
- Matrix:
  0.881  0.473  0.000  1.678
 -0.473  0.881 -0.000 -0.650
 -0.000  0.000  1.000  0.000
  0.000  0.000  0.000  1.000
At time 1728875774.161706067
- Translation: [0.928, -0.161, 0.000]
- Rotation: in Quaternion [0.000, 0.000, -0.064, 0.998]
- Rotation: in RPY (radian) [0.000, 0.000, -0.128]
- Rotation: in RPY (degree) [0.000, 0.000, -7.345]
- Matrix:
  0.992  0.128  0.000  0.928
 -0.128  0.992 -0.000 -0.161
 -0.000  0.000  1.000  0.000
  0.000  0.000  0.000  1.000
At time 1728875775.169225693
- Translation: [0.468, -0.038, 0.000]
- Rotation: in Quaternion [0.000, 0.000, 0.022, 1.000]
- Rotation: in RPY (radian) [0.000, -0.000, 0.045]
- Rotation: in RPY (degree) [0.000, -0.000, 2.565]
- Matrix:
  0.999 -0.045  0.000  0.468
  0.045  0.999  0.000 -0.038
  0.000  0.000  1.000  0.000
  0.000  0.000  0.000  1.000
At time 1728875776.160823813
- Translation: [0.234, -0.009, 0.000]
- Rotation: in Quaternion [0.000, 0.000, 0.063, 0.998]
- Rotation: in RPY (radian) [0.000, -0.000, 0.127]
- Rotation: in RPY (degree) [0.000, -0.000, 7.266]
- Matrix:
  0.992 -0.126  0.000  0.234
  0.126  0.992  0.000 -0.009
  0.000  0.000  1.000  0.000
  0.000  0.000  0.000  1.000
At time 1728875777.169015956
- Translation: [0.116, -0.002, 0.000]
- Rotation: in Quaternion [0.000, 0.000, 0.083, 0.997]
- Rotation: in RPY (radian) [0.000, -0.000, 0.167]
- Rotation: in RPY (degree) [0.000, -0.000, 9.574]
- Matrix:
  0.986 -0.166  0.000  0.116
  0.166  0.986  0.000 -0.002
  0.000  0.000  1.000  0.000
  0.000  0.000  0.000  1.000
At time 1728875778.161215464
- Translation: [0.058, -0.001, 0.000]
- Rotation: in Quaternion [0.000, 0.000, 0.093, 0.996]
- Rotation: in RPY (radian) [0.000, -0.000, 0.186]
- Rotation: in RPY (degree) [0.000, -0.000, 10.683]
- Matrix:
  0.983 -0.185  0.000  0.058
  0.185  0.983  0.000 -0.001
  0.000  0.000  1.000  0.000
  0.000  0.000  0.000  1.000
